9
19
29
39
49
59
69
79
90
100
110
120
130
140
150
160
170
180
190
201
211
221
231
241
251
261
271
281
291
301
312
322
332
342
352
362
372
382
392
402
412
423
433
443
453
463
473
483
493
503
513
524
534
544
554
564
574
584
594
604
614
625
635
645
655
665
675
685
695
705
715
725
736
746
756
766
776
786
796
806
816
826
836
847
857
867
877
887
897
907
917
927
938
948
958
968
978
988
998
1008
1018
1028
1039
1048
1059
1069
1079
1089
1099
1109
1119
1129
1140
1150
1160
1170
1180
1190
1200
1210
1220
1230
1241
1251
1261
1271
1281
1291
1301
1311
1321
1331
1342
1352
1362
1372
1382
1392
1402
1412
1423
1433
1443
1453
1463
1473
1483
1493
1503
1514
1524
1534
1544
1554
1564
1574
1584
1594
1605
1615
1625
1635
1645
1655
1665
1675
1686
1696
1706
1716
1726
1736
1746
1756
1766
1777
1787
1797
1807
1817
1827
1837
1847
1857
1868
1878
1888
