2
22
43
63
83
104
124
145
165
186
207
227
248
268
289
289
290
291
292
293
294
295
296
297
298
299
300
301
302
303
304
305
306
308
308
309
310
311
312
313
314
315
316
317
319
320
321
321
322
324
325
326
327
330
330
331
332
333
334
335
337
338
339
340
341
342
343
344
345
346
348
349
352
352
353
354
356
358
359
361
362
364
366
368
370
371
373
375
376
379
379
380
383
384
386
388
389
391
394
394
395
397
399
401
403
404
406
407
408
410
411
412
413
415
415
416
418
419
420
421
422
423
425
426
427
430
430
431
433
433
434
435
436
439
441
441
442
443
444
445
447
448
449
450
451
454
454
455
456
457
459
460
461
462
464
464
467
467
468
469
471
473
474
474
475
477
480
482
483
483
484
485
488
489
491
493
493
494
496
497
501
501
502
505
505
506
509
510
512
513
516
518
518
519
521
522
524
525
527
528
530
531
533
535
536
538
540
542
544
547
549
552
555
558
562
566
574
574
575
583
588
592
596
601
606
610
615
620
630
630
631
639
644
649
654
660
665
671
676
681
687
693
698
704
709
716
727
734
734
735
746
752
759
773
773
774
786
793
800
807
815
818
821
824
827
829
832
835
838
844
848
848
849
853
855
858
861
867
867
868
872
875
878
881
884
887
890
894
897
900
904
907
910
913
917
920
924
927
936
936
937
942
945
954
954
962
965
968
972
975
975
976
982
985
989
992
995
999
1003
1007
1011
1014
1017
1021
1024
1028
1032
1035
1039
1042
1047
1050
1054
1057
1061
1064
1068
1075
1075
1076
1083
1086
1090
1094
1101
1101
1102
1107
1111
1115
1119
1122
1126
1130
1134
1138
1143
1147
1151
1155
1160
1165
1169
1173
1177
1182
1185
1195
1201
1201
1207
1208
1213
1218
1218
1219
1224
1233
1233
1234
1245
1250
1250
1251
1261
1261
1262
1270
1275
1286
1286
1287
1294
1298
1302
1307
1317
1317
1318
1326
1330
1335
1340
1345
1349
1355
1360
1364
1369
1374
1379
1384
1389
1395
1407
1407
1412
1418
1424
1430
1436
1448
1453
1458
1458
1459
1466
1471
1476
1480
1485
1490
1495
1500
1505
1514
1514
1515
1521
1531
1531
1532
1538
1543
1548
1553
1559
1564
1568
1573
1578
1583
1589
1594
1599
1609
1609
1610
1617
1623
1628
1634
1639
1645
1650
1656
1662
1667
1673
1678
1682
1687
1693
1698
1704
1709
1714
1720
1725
1730
1735
1740
1745
1751
1757
1763
1769
1775
1780
1784
1790
1794
1799
1804
1809
1815
1820
1825
1830
1835
1847
1853
1853
1854
1862
1867
1873
1879
1884
1888
