19
21
37
26
61
47
39
61
54
114
33
38
69
57
100
89
101
104
84
83
83
102
85
85
102
92
103
92
99
86
94
100
122
96
100
90
94
94
84
93
120
108
95
95
108
117
126
117
121
114
108
98
147
101
75
97
119
117
120
102
107
108
81
105
107
92
103
141
130
104
137
111
135
133
171
176
155
145
142
149
186
179
184
175
169
155
146
166
139
152
186
162
168
165
143
148
176
144
161
149
188
150
161
157
153
118
120
119
127
101
95
116
127
116
111
111
113
104
118
109
128
127
105
123
113
99
92
114
116
108
117
132
129
137
117
116
106
131
111
110
114
125
114
118
108
138
99
113
108
126
103
97
109
100
111
123
159
127
103
130
113
135
146
118
132
137
155
135
133
111
132
129
134
130
195
144
150
169
163
136
146
156
146
125
204
152
138
140
172
140
146
164
140
135
136
161
166
123
141
164
147
151
158
191
212
191
211
223
233
310
283
294
389
397
379
417
456
470
455
424
402
460
494
433
459
478
466
487
465
430
544
483
532
505
516
565
557
494
557
566
557
566
534
662
563
559
666
583
585
598
682
634
748
669
665
704
699
721
766
324
247
264
287
258
248
322
270
314
332
317
284
207
287
266
291
290
283
293
210
292
290
296
287
299
299
304
312
305
357
344
300
312
315
310
367
386
415
377
383
235
340
411
438
433
331
307
356
327
369
399
218
361
338
328
335
410
348
414
336
328
338
344
341
365
343
346
363
354
421
354
350
350
341
358
338
363
385
474
233
330
404
379
376
329
385
229
366
375
402
341
346
438
377
396
463
388
413
417
456
488
390
413
412
428
382
473
416
614
402
212
412
219
420
414
238
446
428
438
256
466
502
462
269
409
473
342
547
483
545
493
319
448
424
485
503
463
545
292
466
439
494
493
447
549
486
436
488
497
438
502
492
599
594
565
530
603
621
571
599
617
534
479
519
488
270
493
472
435
480
522
473
497
491
512
434
427
257
476
454
439
261
518
467
456
598
515
454
481
507
499
524
513
488
496
517
504
298
544
553
525
545
560
533
581
548
531
542
495
476
501
525
522
557
530
518
542
553
463
494
475
514
585
559
610
554
592
511
451
513
438
478
498
534
529
479
493
487
536
535
632
642
598
266
527
545
564
523
524
605
569
