12
14
15
17
16
16
16
23
17
17
17
17
18
17
18
18
17
16
16
17
17
17
17
17
21
17
17
17
17
18
16
17
19
18
18
18
18
23
18
18
18
18
18
18
18
24
18
18
18
18
18
18
18
18
21
20
28
18
18
18
18
17
18
18
18
18
18
18
18
18
18
20
19
18
19
18
19
18
18
18
17
20
19
24
21
21
20
20
18
19
20
19
18
18
18
18
18
19
22
18
19
20
19
23
22
20
21
20
19
27
18
19
20
19
19
18
19
18
19
20
19
19
20
19
19
18
19
18
21
22
21
21
21
23
21
21
33
22
23
23
23
23
25
23
22
23
21
22
21
22
21
22
24
21
20
20
21
21
21
23
23
22
23
22
23
21
23
21
21
23
23
22
22
25
22
21
22
23
22
22
28
25
21
22
25
22
21
