1
2
3
4
5
6
7
8
9
10
11
12
13
14
15
16
17
18
19
20
21
22
23
24
25
26
27
28
29
30
31
32
33
34
35
36
37
38
39
40
41
42
43
44
45
46
47
48
49
50
51
52
53
54
55
56
57
58
59
60
61
62
63
64
65
66
67
68
69
70
71
72
73
74
75
76
77
78
79
80
81
82
83
84
85
86
87
88
89
90
91
92
93
94
95
96
97
98
99
100
101
102
103
104
105
106
107
108
109
110
111
112
113
114
115
116
117
118
119
120
121
122
123
124
125
126
127
128
129
130
131
132
133
134
135
136
137
138
139
140
141
142
143
144
145
146
147
148
149
150
151
152
153
154
155
156
157
158
159
160
161
162
163
164
165
166
167
168
169
170
171
172
173
174
175
176
177
178
179
180
181
182
183
184
185
186
187
188
189
190
191
192
193
194
195
196
197
198
199
200
201
202
203
204
205
206
207
208
209
210
211
212
213
214
215
216
217
218
219
220
221
222
223
224
225
226
227
228
229
230
231
232
233
234
235
236
237
238
239
240
241
242
243
244
245
246
247
248
249
250
251
252
253
254
255
256
257
258
259
260
261
262
263
264
265
266
267
268
269
270
271
272
273
274
275
276
277
278
279
280
281
282
283
284
285
286
287
288
289
290
291
292
293
294
295
296
297
298
299
300
301
302
303
304
305
306
307
308
309
310
311
312
313
314
315
316
317
318
319
320
321
322
324
325
326
327
328
330
331
332
333
334
335
337
338
339
340
341
342
343
344
345
346
348
349
350
351
352
353
354
356
358
359
361
362
364
366
368
370
371
373
375
376
378
379
380
383
384
386
388
389
391
393
394
395
397
399
401
403
404
406
407
408
410
411
412
413
414
415
416
418
419
420
421
422
423
425
426
427
429
430
431
432
433
434
435
436
438
439
440
441
442
443
444
445
447
448
449
450
451
453
454
455
456
457
459
460
461
462
463
464
465
467
468
469
471
472
473
474
475
477
479
480
481
482
483
484
485
487
488
489
490
491
492
493
494
496
497
499
501
502
504
505
506
509
510
512
513
515
516
517
518
519
521
522
524
525
527
528
530
531
533
535
536
538
540
542
544
547
549
552
555
558
562
566
570
574
575
583
588
592
596
601
606
610
615
620
625
630
631
639
644
649
654
660
665
671
676
681
687
693
698
704
709
716
722
727
728
734
735
746
752
759
765
773
774
786
793
800
807
815
818
821
824
827
829
832
835
838
841
844
845
848
849
853
855
858
861
864
867
868
872
875
878
881
884
887
890
894
897
900
904
907
910
913
917
920
924
927
932
935
936
937
942
945
949
954
958
962
963
965
966
968
969
972
973
975
976
982
985
989
992
995
999
1003
1007
1011
1014
1017
1021
1024
1028
1032
1035
1039
1042
1047
1050
1054
1057
1061
1064
1068
1072
1075
1076
1083
1086
1090
1094
1098
1101
1102
1107
1111
1115
1119
1122
1126
1130
1134
1138
1143
1147
1151
1155
1160
1165
1169
1173
1177
1182
1185
1190
1194
1195
1196
1201
1202
1207
1208
1213
1214
1218
1219
1224
1229
1233
1234
1240
1245
1250
1251
1257
1261
1262
1270
1275
1280
1285
1286
1287
1294
1298
1302
1307
1313
1317
1318
1326
1330
1335
1340
1345
1349
1355
1360
1364
1369
1374
1379
1384
1389
1395
1401
1407
1412
1418
1424
1430
1436
1443
1448
1449
1453
1454
1458
1459
1466
1471
1476
1480
1485
1490
1495
1500
1505
1510
1514
1515
1521
1526
1531
1532
1538
1543
1548
1553
1559
1564
1568
1573
1578
1583
1589
1594
1599
1604
1609
1610
1617
1623
1628
1634
1639
1645
1650
1656
1662
1667
1673
1678
1682
1687
1693
1698
1704
1709
1714
1720
1725
1730
1735
1740
1745
1751
1757
1763
1769
1775
1780
1784
1790
1794
1799
1804
1809
1815
1820
1825
1830
1835
1840
1847
1848
1853
1854
1862
1867
1873
1879
1884
1888
1888
