5
3
3
3
3
3
3
3
3
3
4
3
3
3
3
3
3
3
3
4
3
3
3
3
3
4
3
3
6
3
3
3
4
3
3
3
3
3
4
7
4
3
6
3
9
3
3
6
5
7
4
3
13
8
8
6
3
3
7
9
8
4
8
3
3
7
3
8
8
8
3
3
6
8
7
8
3
8
6
6
3
3
5
4
4
8
3
7
6
7
6
3
3
8
8
7
3
4
7
5
4
4
4
7
4
3
3
11
8
6
3
5
6
7
8
8
4
8
7
6
6
5
6
8
3
6
6
8
7
3
3
6
8
8
7
8
5
7
7
3
6
7
7
5
3
3
6
8
8
8
7
7
5
8
8
8
7
8
4
3
3
4
7
8
8
4
6
4
7
7
7
8
8
3
7
3
3
5
3
3
3
3
8
3
3
3
4
5
4
4
7
6
5
5
8
8
7
3
6
6
3
7
4
8
8
9
7
4
7
7
6
8
8
7
6
6
5
7
6
7
7
8
9
6
3
8
7
3
7
8
6
5
7
7
7
8
8
9
4
6
7
7
7
7
8
9
9
6
4
6
8
8
8
5
8
6
5
8
7
8
8
8
8
7
7
5
9
8
3
11
6
7
7
7
8
8
5
3
7
7
7
8
8
6
8
8
8
6
7
3
5
3
3
3
3
3
3
3
3
3
3
3
3
3
3
3
8
2
3
3
3
3
3
3
3
3
3
3
2
3
3
3
3
3
3
3
6
4
4
3
3
3
3
3
3
5
5
3
5
3
3
3
3
3
5
3
2
2
7
3
3
3
3
5
3
11
3
3
3
4
3
3
3
3
3
3
3
3
5
3
3
3
12
3
3
3
3
3
3
3
3
3
3
3
3
3
3
3
2
3
3
3
3
3
3
3
3
3
3
3
2
3
3
2
3
3
3
13
2
3
2
3
3
3
3
3
3
3
3
3
4
2
3
3
3
3
4
3
3
3
2
3
2
4
3
3
3
3
3
3
3
3
2
3
2
3
3
3
3
2
5
3
2
3
2
3
3
3
6
3
5
13
2
3
5
3
3
3
3
2
3
2
3
3
3
3
3
3
3
3
3
3
3
3
3
3
3
3
3
3
3
3
3
3
3
6
17
3
3
3
3
5
3
3
3
3
3
3
2
3
3
3
3
25
3
6
3
3
3
3
3
3
3
3
3
3
2
3
2
3
17
3
4
3
2
3
3
3
5
4
3
3
3
3
3
3
3
3
3
3
2
3
2
3
3
5
3
3
3
2
3
3
3
3
3
14
3
71
3
3
3
3
3
3
3
3
3
5
3
3
2
2
3
15
4
3
6
4
2
3
2
3
3
3
2
3
2
3
3
3
3
3
3
3
3
3
3
3
3
4
3
3
3
3
3
3
3
3
3
3
6
3
3
3
2
3
3
3
4
4
3
2
4
17
3
3
3
3
6
3
3
13
3
3
3
3
3
3
3
3
3
3
3
3
3
2
3
3
3
2
10
3
3
2
3
3
3
3
3
3
5
2
3
3
2
6
3
4
3
3
2
3
3
3
3
14
3
2
3
3
3
6
3
3
3
3
4
3
3
3
3
17
3
3
3
6
6
3
3
5
4
3
2
5
8
3
2
3
3
16
3
3
3
3
3
3
3
3
3
3
3
3
2
3
3
3
21
4
3
3
3
3
3
3
5
3
3
3
2
3
3
3
3
3
3
3
4
3
3
3
3
3
4
3
3
3
3
3
3
3
25
3
3
3
3
6
3
3
3
3
6
3
3
3
3
3
3
29
3
3
3
3
3
2
3
2
3
3
3
4
3
3
3
3
